url_path,views_total,views_unique
/aoliver44/taxaHFE,9,6
/aoliver44/taxaHFE/blob/main/taxahfe.md,7,2
/aoliver44/taxaHFE/blob/main/developers.md,3,2
/aoliver44/taxaHFE/tree/main,3,2
/aoliver44/taxaHFE/blob/main/README.md,3,1
/aoliver44/taxaHFE/blob/main/example_inputs/metadata.txt,2,1
/aoliver44/taxaHFE/blob/main/LICENSE,1,1
/aoliver44/taxaHFE/blob/main/dietml.md,1,1
/aoliver44/taxaHFE/blob/main/example_inputs/bike_share_day.csv,1,1
/aoliver44/taxaHFE/blob/main/example_inputs/bike_share_hour.csv,1,1
